Zeitreihen fuer Gebietsmittel fuer Bundeslaender und Kombinationen von Bundeslaender, erstellt am: 20230103
Jahr;Jahr;Brandenburg/Berlin;Brandenburg;Baden-Wuerttemberg;Bayern;Hessen;Mecklenburg-Vorpommern;Niedersachsen;Niedersachsen/Hamburg/Bremen;Nordrhein-Westfalen;Rheinland-Pfalz;Schleswig-Holstein;Saarland;Sachsen;Sachsen-Anhalt;Thueringen/Sachsen-Anhalt;Thueringen;Deutschland;
1951;year;    79.45;    79.79;    99.53;   117.17;    81.24;    74.85;    71.65;    71.51;    56.23;    70.74;    63.55;    65.41;    87.59;    80.79;    88.72;    99.08;    85.57;
1952;year;   110.82;   110.91;   117.32;   127.31;   105.71;   105.55;    98.45;    98.32;    86.70;    99.27;    95.43;    97.67;   118.65;   110.05;   113.92;   118.98;   109.43;
1953;year;    91.13;    91.30;   117.09;   126.08;    92.66;    84.26;    73.49;    73.31;    68.27;    87.28;    65.55;    83.74;    94.22;    83.56;    91.33;   101.48;    94.54;
1954;year;    98.99;    99.32;   105.27;   116.72;    91.58;    95.34;    84.46;    84.37;    71.62;    84.88;    86.07;    78.54;   103.14;    93.93;    99.92;   107.73;    96.70;
1955;year;   112.43;   112.57;   128.30;   134.60;   121.86;   111.79;   104.62;   104.56;   100.34;   118.47;   101.55;   112.47;   118.07;   108.60;   115.71;   124.98;   117.22;
1956;year;   102.73;   102.99;   120.49;   130.17;   106.64;   103.50;    95.55;    95.40;    90.29;   103.77;    95.18;   100.95;   114.20;    99.15;   106.87;   116.95;   108.80;
1957;year;    82.45;    82.75;    99.48;   110.09;    80.26;    76.16;    64.21;    64.02;    57.56;    77.72;    60.58;    71.71;    88.00;    74.83;    82.47;    92.43;    83.24;
1958;year;    95.00;    95.14;   104.53;   117.62;    91.49;    95.62;    86.05;    85.99;    78.23;    88.68;    89.61;    85.42;    99.89;    89.07;    94.78;   102.23;    97.04;
1959;year;    88.69;    88.97;   105.74;   122.17;    90.13;    74.71;    77.34;    77.15;    69.71;    81.77;    66.67;    70.70;    94.21;    84.75;    91.15;    99.51;    91.91;
1960;year;    79.95;    80.15;    88.64;   106.40;    75.92;    76.27;    69.02;    68.92;    59.33;    69.29;    73.59;    63.83;    88.59;    76.33;    82.31;    90.11;    81.84;
1961;year;    65.17;    65.34;    87.29;    98.66;    70.33;    62.90;    59.24;    59.16;    52.95;    67.87;    60.22;    61.41;    69.73;    60.44;    67.87;    77.56;    72.64;
1962;year;    96.66;    96.78;   122.64;   132.97;   107.98;    87.57;    86.64;    86.48;    86.01;   102.80;    81.60;   100.57;   108.40;    95.05;   104.63;   117.13;   105.31;
1963;year;   114.24;   114.39;   117.73;   124.55;   113.14;   110.09;   103.13;   103.05;   102.12;   108.90;   102.77;    99.63;   113.66;   108.12;   112.24;   117.62;   112.49;
1964;year;   101.35;   101.49;   105.08;   115.20;    97.30;    98.66;    89.00;    88.93;    81.66;    92.20;    94.02;    87.33;   105.60;    96.32;   101.55;   108.37;    99.82;
1965;year;   103.26;   103.41;   105.36;   121.90;    98.22;    97.30;    86.48;    86.37;    77.63;    90.84;    88.68;    84.91;   108.46;    95.22;   103.03;   113.22;   100.55;
1966;year;    84.65;    84.80;    89.02;   101.16;    75.20;    83.60;    73.52;    73.46;    64.50;    69.60;    80.79;    69.21;    87.87;    77.03;    83.90;    92.86;    83.28;
1967;year;    69.10;    69.28;    98.28;   106.71;    77.38;    64.59;    52.99;    52.85;    53.99;    78.18;    52.07;    75.04;    79.14;    65.31;    75.47;    88.72;    77.05;
1968;year;    92.85;    92.99;   111.92;   123.49;   101.31;    86.39;    85.80;    85.66;    83.45;    97.20;    81.88;    91.42;   103.33;    93.80;   102.36;   113.54;   100.34;
1969;year;   123.83;   123.97;   114.65;   126.42;   112.06;   120.21;   107.70;   107.67;    94.23;   102.96;   112.89;    95.83;   123.58;   117.19;   120.26;   124.27;   115.26;
1970;year;   108.19;   108.34;   111.49;   121.69;   102.65;   107.58;    94.04;    93.99;    81.54;    95.53;   102.15;    90.35;   108.90;   100.10;   105.68;   112.96;   105.06;
1971;year;    81.16;    81.45;   110.35;   119.22;    88.01;    73.15;    69.80;    69.53;    66.91;    86.99;    62.80;    84.03;    90.85;    83.48;    90.50;    99.67;    89.62;
1972;year;    83.51;    83.79;   107.60;   123.61;    94.03;    77.32;    74.45;    74.22;    66.22;    84.96;    69.79;    77.13;    93.93;    84.27;    93.14;   104.72;    92.17;
1973;year;    89.82;    90.11;   125.84;   138.40;   106.20;    77.94;    71.34;    71.01;    72.12;    99.57;    66.40;   102.26;   105.85;    88.56;   102.40;   120.47;   100.80;
1974;year;    51.07;    51.32;    69.83;    84.30;    50.98;    44.92;    34.75;    34.56;    35.27;    48.03;    30.95;    43.40;    58.93;    48.01;    56.00;    66.43;    55.22;
1975;year;    67.93;    68.19;    94.04;   108.50;    78.21;    62.30;    58.64;    58.45;    57.34;    77.86;    57.40;    76.99;    81.85;    67.29;    77.93;    91.82;    78.47;
1976;year;    98.30;    98.53;   101.23;   115.73;    95.37;    98.16;    88.41;    88.27;    77.18;    87.21;    93.60;    84.73;   104.11;    97.39;   102.45;   109.05;    98.31;
1977;year;    68.28;    68.46;    79.23;    91.57;    68.63;    66.96;    55.75;    55.63;    53.39;    64.77;    63.04;    62.06;    78.94;    65.84;    72.60;    81.42;    71.34;
1978;year;    86.87;    87.09;   100.05;   117.17;    88.04;    84.65;    80.01;    79.86;    74.10;    84.77;    80.87;    83.71;    94.76;    88.74;    94.47;   101.95;    92.76;
1979;year;   100.67;   100.78;    98.89;   116.60;   102.00;    97.32;    91.55;    91.47;    87.14;    93.96;    94.09;    88.28;   107.57;   100.27;   106.58;   114.82;   101.19;
1980;year;   111.94;   112.19;   106.20;   120.01;    94.89;   112.41;    91.44;    91.45;    76.94;    86.71;   102.80;    81.22;   112.74;   106.14;   109.07;   112.90;   103.61;
1981;year;    92.69;    92.79;   108.09;   118.02;   102.10;    85.23;    86.62;    86.53;    83.03;    94.50;    85.57;    87.32;   105.75;    95.72;   102.93;   112.34;    99.06;
1982;year;    79.76;    79.97;    96.91;   112.17;    88.76;    75.02;    72.00;    71.94;    65.63;    78.91;    72.63;    70.84;    89.41;    79.12;    88.28;   100.23;    86.69;
1983;year;    74.36;    74.50;    97.54;   107.27;    87.98;    69.09;    64.91;    64.84;    66.76;    83.05;    66.17;    82.00;    82.59;    72.65;    82.36;    95.04;    83.11;
1984;year;    94.39;    94.61;   110.38;   125.40;    89.90;    87.33;    79.81;    79.72;    64.77;    79.60;    76.87;    73.84;   101.95;    92.29;    99.98;   110.02;    95.85;
1985;year;    99.22;    99.42;   118.43;   130.72;   111.48;    96.35;    92.17;    92.04;    93.49;   107.16;    91.87;   104.16;   107.72;    99.53;   108.29;   119.73;   107.96;
1986;year;    80.89;    81.01;   102.97;   113.07;    86.05;    81.02;    75.36;    75.33;    73.41;    85.76;    78.66;    84.13;    87.20;    80.06;    87.21;    96.54;    89.52;
1987;year;    95.12;    95.20;   104.51;   113.04;    98.25;    94.75;    85.70;    85.63;    83.12;    92.91;    89.29;    86.89;   102.90;    93.23;    99.95;   108.71;    97.81;
1988;year;    73.65;    73.77;    81.23;    97.23;    72.34;    67.10;    52.67;    52.55;    45.79;    62.84;    56.87;    58.31;    85.15;    70.00;    78.45;    89.48;    72.73;
1989;year;    63.12;    63.27;    86.51;    95.44;    74.29;    55.26;    52.03;    51.89;    51.80;    69.67;    47.11;    67.70;    72.45;    61.02;    69.91;    81.52;    70.33;
1990;year;    49.97;    50.22;    81.85;    93.58;    61.00;    40.90;    38.98;    38.79;    40.87;    56.89;    37.23;    53.25;    63.52;    51.51;    61.93;    75.52;    61.30;
1991;year;    83.34;    83.62;   104.61;   117.28;    99.46;    73.49;    74.86;    74.65;    74.67;    88.78;    66.78;    82.02;   101.80;    87.43;    97.19;   109.93;    92.48;
1992;year;    71.66;    71.86;    86.68;   100.08;    73.09;    58.68;    47.87;    47.77;    46.00;    61.71;    46.11;    55.55;    80.88;    66.02;    76.10;    89.26;    71.53;
1993;year;    89.78;    90.00;    91.14;   104.98;    88.76;    83.90;    73.47;    73.38;    70.59;    79.49;    75.80;    72.59;   100.51;    85.15;    92.74;   102.65;    88.00;
1994;year;    60.58;    60.82;    60.57;    76.25;    62.12;    55.35;    46.61;    46.49;    43.73;    53.00;    46.63;    45.57;    71.66;    58.67;    65.76;    75.01;    59.90;
1995;year;    96.95;    97.17;    92.86;   109.31;    90.67;    91.18;    78.68;    78.58;    69.84;    77.28;    77.11;    70.21;   105.29;    92.64;    98.05;   105.12;    91.57;
1996;year;   128.63;   128.85;   117.33;   130.62;   110.27;   128.94;   108.86;   108.79;    98.40;   102.63;   118.89;    98.10;   128.56;   122.69;   124.03;   125.79;   118.69;
1997;year;    99.44;    99.70;    95.41;   110.52;    83.33;    91.18;    68.97;    68.94;    60.40;    75.75;    78.38;    72.33;   104.00;    87.30;    92.46;    99.20;    88.99;
1998;year;    70.06;    70.18;    91.05;    99.58;    77.22;    64.85;    53.98;    53.89;    53.34;    72.96;    54.79;    71.41;    79.29;    69.72;    75.02;    81.93;    74.83;
1999;year;    75.86;    76.02;    85.58;    97.64;    69.84;    65.15;    52.73;    52.63;    48.88;    65.48;    54.87;    61.41;    85.18;    69.22;    73.82;    79.82;    73.08;
2000;year;    53.80;    53.92;    63.81;    77.97;    54.75;    46.69;    38.23;    38.15;    39.49;    47.34;    35.28;    43.98;    64.64;    48.62;    54.81;    62.88;    55.14;
2001;year;    94.68;    94.80;    88.62;   100.32;    83.81;    86.88;    75.88;    75.88;    66.31;    75.74;    81.11;    72.07;    98.78;    83.93;    88.27;    93.94;    86.54;
2002;year;    75.22;    75.43;    66.08;    81.28;    61.35;    72.13;    58.09;    58.08;    47.50;    53.90;    58.12;    52.14;    84.29;    69.95;    72.95;    76.86;    67.66;
2003;year;   108.04;   108.29;   109.72;   123.55;    97.58;    97.70;    85.59;    85.59;    78.47;    88.32;    80.05;    80.03;   111.97;    99.60;   104.24;   110.30;   101.43;
2004;year;    85.28;    85.55;   100.70;   109.20;    89.46;    76.56;    67.34;    67.24;    74.13;    82.34;    65.96;    77.83;    97.37;    82.18;    89.35;    98.71;    87.74;
2005;year;    99.39;    99.72;   105.80;   115.59;    90.10;    91.84;    71.90;    71.89;    68.76;    81.63;    76.21;    83.23;   103.89;    92.31;    96.11;   101.06;    93.36;
2006;year;    86.96;    87.07;   103.16;   109.16;    88.98;    77.65;    77.38;    77.30;    75.08;    83.56;    72.21;    81.43;    94.31;    84.35;    88.99;    95.04;    89.79;
2007;year;    59.37;    59.73;    77.13;    87.27;    63.51;    44.22;    38.90;    38.84;    42.22;    52.29;    37.12;    47.23;    71.46;    57.17;    64.10;    73.14;    61.20;
2008;year;    61.52;    61.82;   100.81;   105.50;    85.22;    56.87;    54.35;    54.20;    61.99;    77.79;    48.66;    77.15;    77.72;    63.58;    73.77;    87.07;    76.91;
2009;year;    85.64;    85.91;    95.44;   104.08;    82.24;    79.94;    69.18;    69.07;    68.18;    75.00;    63.56;    70.30;    93.14;    82.82;    87.74;    94.15;    84.75;
2010;year;   118.14;   118.36;   116.15;   123.74;   112.27;   114.91;   105.59;   105.60;    99.89;   104.61;   111.73;    97.36;   120.24;   112.75;   115.90;   120.00;   113.75;
2011;year;    82.53;    82.85;    90.95;   107.28;    83.54;    74.04;    67.06;    67.02;    61.21;    69.87;    67.49;    63.83;    93.00;    82.71;    88.34;    95.69;    83.31;
2012;year;    81.21;    81.41;    88.96;    98.97;    76.44;    75.49;    62.63;    62.61;    58.21;    65.98;    66.97;    62.80;    87.56;    76.24;    80.61;    86.31;    78.82;
2013;year;    96.32;    96.56;   107.40;   112.73;    97.75;    90.78;    87.07;    87.04;    82.44;    93.29;    89.17;    93.09;   107.43;    99.04;   103.56;   109.45;    98.66;
2014;year;    56.37;    56.75;    65.00;    77.52;    54.68;    47.88;    43.80;    43.74;    35.87;    41.58;    41.55;    38.33;    67.89;    58.48;    63.11;    69.15;    56.81;
2015;year;    69.69;    69.99;    95.88;   105.48;    76.16;    52.72;    45.63;    45.51;    51.66;    67.24;    39.61;    68.92;    81.39;    67.95;    77.13;    89.11;    73.65;
2016;year;    81.35;    81.67;    93.79;   101.46;    81.58;    75.31;    70.89;    70.89;    65.48;    71.19;    67.17;    72.86;    89.54;    79.56;    84.45;    90.83;    82.78;
2017;year;    75.18;    75.46;    95.75;   100.42;    78.41;    64.25;    52.92;    52.74;    56.08;    69.29;    49.06;    69.16;    83.90;    72.78;    78.45;    85.85;    76.17;
2018;year;    76.31;    76.67;    83.79;    94.70;    78.53;    69.99;    64.69;    64.60;    62.83;    68.23;    61.77;    62.20;    85.73;    75.56;    81.08;    88.28;    77.35;
2019;year;    62.08;    62.58;    89.20;    93.03;    72.62;    52.16;    50.07;    50.01;    54.30;    65.00;    48.80;    62.77;    76.32;    61.93;    70.39;    81.43;    69.74;
2020;year;    53.64;    54.00;    86.95;    97.70;    64.93;    39.96;    33.80;    33.65;    40.73;    51.11;    28.97;    52.64;    72.90;    53.57;    64.90;    79.69;    62.51;
2021;year;    85.15;    85.55;   105.63;   117.86;    91.20;    76.56;    64.85;    64.80;    68.32;    75.34;    68.28;    71.15;   101.20;    82.51;    92.58;   105.72;    89.36;
2022;year;    71.83;    72.17;    85.99;    95.94;    68.77;    63.13;    52.53;    52.39;    49.56;    57.82;    48.54;    59.42;    80.66;    69.57;    74.97;    82.02;    71.44;
