Zeitreihen fuer Gebietsmittel fuer Bundeslaender und Kombinationen von Bundeslaender, erstellt am: 20230110
Jahr;Jahr;Brandenburg/Berlin;Brandenburg;Baden-Wuerttemberg;Bayern;Hessen;Mecklenburg-Vorpommern;Niedersachsen;Niedersachsen/Hamburg/Bremen;Nordrhein-Westfalen;Rheinland-Pfalz;Schleswig-Holstein;Saarland;Sachsen;Sachsen-Anhalt;Thueringen/Sachsen-Anhalt;Thueringen;Deutschland;
1951;year;    37.41;    37.31;    32.33;    33.02;    26.58;    18.79;    20.05;    20.00;    22.99;    26.34;    10.48;    26.20;    34.23;    31.02;    28.81;    25.93;    27.53;
1952;year;    34.57;    34.49;    43.11;    39.09;    32.60;    15.08;    19.93;    19.87;    24.63;    33.90;     9.71;    33.49;    35.86;    32.37;    32.10;    31.75;    30.70;
1953;year;    43.81;    43.75;    34.13;    37.02;    32.87;    27.80;    27.07;    27.06;    26.95;    30.68;    19.28;    30.20;    39.05;    37.96;    35.82;    33.02;    32.96;
1954;year;    21.48;    21.48;    19.54;    18.89;    17.23;     9.95;    14.07;    14.02;    16.30;    19.19;     7.79;    21.27;    20.66;    19.83;    18.34;    16.40;    17.18;
1955;year;    32.59;    32.50;    20.98;    17.56;    20.23;    18.30;    20.74;    20.75;    21.86;    24.32;    18.28;    24.48;    23.44;    24.76;    21.42;    17.07;    21.40;
1956;year;    18.37;    18.32;    16.71;    17.51;    11.40;     7.66;     9.14;     9.16;     9.45;    11.96;     6.40;    13.21;    18.36;    15.24;    14.39;    13.28;    13.50;
1957;year;    31.33;    31.27;    25.75;    25.09;    23.92;    18.14;    19.15;    19.13;    20.86;    23.99;    12.61;    25.25;    27.84;    28.89;    26.77;    24.00;    23.67;
1958;year;    22.89;    22.89;    33.52;    30.34;    23.82;    11.16;    17.91;    17.83;    23.78;    25.93;     7.14;    22.56;    25.86;    22.80;    22.06;    21.09;    23.68;
1959;year;    41.86;    41.84;    44.14;    36.47;    49.85;    27.59;    43.96;    43.86;    50.57;    51.18;    26.03;    48.18;    36.20;    44.48;    41.17;    36.84;    41.17;
1960;year;    21.67;    21.62;    19.52;    20.27;    15.14;     9.71;    12.07;    12.06;    13.55;    14.73;     6.57;    14.12;    19.87;    20.95;    18.58;    15.49;    16.43;
1961;year;    30.27;    30.19;    34.95;    32.77;    25.42;    15.12;    18.67;    18.63;    23.64;    28.14;    12.32;    30.68;    32.10;    29.97;    28.20;    25.89;    26.75;
1962;year;    18.49;    18.48;    33.97;    30.47;    20.24;     4.48;     6.64;     6.60;    10.33;    23.72;     2.55;    26.40;    26.03;    18.58;    19.01;    19.57;    19.34;
1963;year;    40.18;    40.10;    25.98;    25.17;    23.73;    20.57;    17.98;    17.98;    17.38;    22.46;    11.40;    21.62;    34.78;    34.16;    29.38;    23.15;    24.59;
1964;year;    42.83;    42.84;    45.74;    42.19;    44.24;    24.66;    30.21;    30.09;    37.47;    44.09;    13.51;    44.26;    45.18;    42.57;    41.48;    40.06;    38.45;
1965;year;    18.50;    18.47;    18.40;    17.42;    13.18;     6.91;     7.67;     7.62;     9.14;    12.77;     2.49;    12.27;    18.64;    16.68;    15.25;    13.39;    13.46;
1966;year;    35.06;    35.01;    26.10;    23.96;    25.58;    20.30;    22.62;    22.58;    24.20;    24.75;    13.01;    25.32;    30.58;    31.31;    28.09;    23.89;    25.16;
1967;year;    34.49;    34.49;    35.46;    31.76;    29.04;    16.53;    17.57;    17.48;    24.52;    30.75;     8.28;    30.80;    34.75;    29.54;    28.25;    26.56;    27.30;
1968;year;    41.94;    41.89;    20.77;    22.34;    19.65;    22.11;    23.47;    23.47;    20.01;    16.77;    17.14;    15.43;    32.98;    35.41;    29.51;    21.80;    24.31;
1969;year;    45.70;    45.73;    33.50;    31.99;    34.59;    30.41;    31.67;    31.78;    33.38;    35.55;    26.45;    38.78;    38.52;    40.67;    36.33;    30.66;    34.26;
1970;year;    43.40;    43.35;    31.18;    30.43;    26.51;    21.66;    25.12;    25.12;    26.23;    27.14;    16.58;    27.85;    33.38;    34.16;    29.89;    24.32;    28.98;
1971;year;    45.88;    45.85;    36.42;    33.88;    33.23;    29.21;    26.70;    26.69;    27.70;    33.37;    17.47;    33.77;    39.73;    39.72;    36.68;    32.72;    33.11;
1972;year;    31.17;    31.17;    20.70;    23.53;    17.94;    19.07;    17.53;    17.53;    16.31;    17.63;    13.64;    17.76;    28.17;    26.78;    23.65;    19.57;    21.23;
1973;year;    42.18;    42.18;    38.48;    35.57;    40.40;    25.29;    29.85;    29.85;    36.61;    43.45;    21.69;    45.20;    40.22;    40.72;    37.80;    33.99;    35.75;
1974;year;    18.19;    18.15;    21.50;    19.68;    17.55;     9.23;    10.92;    10.87;    13.49;    21.51;     6.07;    24.98;    19.16;    18.11;    16.73;    14.92;    16.37;
1975;year;    52.41;    52.45;    33.80;    35.63;    38.64;    35.71;    37.45;    37.46;    35.68;    37.47;    30.23;    37.47;    43.22;    47.01;    42.10;    35.70;    38.25;
1976;year;    43.03;    43.02;    43.47;    38.49;    47.50;    26.58;    39.40;    39.43;    45.21;    54.21;    32.81;    56.67;    35.84;    43.85;    41.15;    37.63;    40.80;
1977;year;    20.17;    20.17;    19.27;    20.00;    17.07;     9.47;    12.23;    12.24;    13.25;    18.23;     7.19;    17.92;    18.42;    17.49;    16.46;    15.11;    16.28;
1978;year;    25.78;    25.71;    18.04;    16.94;    16.88;    17.29;    17.77;    17.76;    16.34;    16.11;    15.23;    13.53;    19.46;    22.21;    19.30;    15.50;    18.11;
1979;year;    32.08;    32.04;    29.10;    28.24;    21.49;    17.57;    17.75;    17.72;    19.28;    23.23;    11.98;    23.09;    29.90;    28.02;    25.21;    21.54;    24.04;
1980;year;    17.78;    17.71;    19.38;    18.32;    16.24;     7.85;    14.36;    14.33;    17.40;    16.32;     9.18;    15.27;    15.65;    18.57;    17.39;    15.85;    16.18;
1981;year;    30.03;    29.95;    28.88;    29.06;    20.60;    16.02;    18.96;    18.92;    19.91;    22.14;    11.73;    22.82;    25.63;    25.66;    23.37;    20.38;    23.59;
1982;year;    53.99;    53.87;    39.95;    40.68;    43.99;    31.47;    35.26;    35.15;    39.44;    44.50;    26.30;    43.30;    45.14;    49.57;    46.42;    42.31;    40.90;
1983;year;    54.11;    54.07;    50.42;    50.23;    49.15;    34.29;    42.94;    42.91;    47.16;    51.35;    32.61;    54.24;    48.75;    51.95;    48.84;    44.77;    47.30;
1984;year;    22.04;    21.91;    21.67;    17.38;    18.46;    13.23;    15.84;    15.83;    17.59;    20.90;    11.32;    22.41;    18.30;    21.20;    18.75;    15.55;    17.97;
1985;year;    30.53;    30.42;    34.42;    30.81;    20.81;    15.63;    16.40;    16.37;    19.52;    24.53;    10.36;    27.71;    29.00;    27.84;    25.00;    21.30;    24.59;
1986;year;    39.61;    39.53;    37.93;    38.22;    33.39;    22.37;    26.16;    26.11;    30.91;    35.00;    17.63;    35.66;    34.73;    36.89;    33.92;    30.05;    32.94;
1987;year;    17.25;    17.24;    29.73;    27.49;    18.73;    10.09;    12.25;    12.19;    17.13;    21.68;     6.86;    24.60;    18.48;    17.63;    16.87;    15.88;    19.34;
1988;year;    31.23;    31.20;    29.14;    27.76;    25.81;    16.69;    16.09;    15.98;    18.58;    24.60;     6.81;    24.17;    29.43;    29.69;    27.44;    24.51;    23.83;
1989;year;    47.28;    47.22;    37.91;    30.40;    37.17;    30.98;    34.10;    34.02;    40.11;    40.58;    24.10;    44.09;    36.31;    45.07;    39.02;    31.13;    36.04;
1990;year;    33.82;    33.78;    35.93;    33.10;    33.89;    20.57;    25.98;    25.89;    32.73;    35.71;    14.95;    37.72;    33.95;    34.25;    32.41;    30.00;    31.03;
1991;year;    38.54;    38.48;    43.72;    34.68;    36.54;    20.52;    24.98;    24.91;    28.47;    42.39;    15.81;    47.32;    34.84;    37.17;    34.82;    31.76;    32.93;
1992;year;    63.71;    63.68;    44.15;    42.99;    41.55;    36.28;    41.26;    41.22;    41.10;    41.62;    26.39;    41.38;    52.88;    56.18;    49.75;    41.35;    44.33;
1993;year;    35.81;    35.81;    34.60;    34.39;    32.11;    15.63;    19.48;    19.43;    23.46;    33.50;     8.95;    35.20;    32.90;    32.94;    30.89;    28.21;    28.53;
1994;year;    42.60;    42.62;    47.07;    47.83;    42.63;    31.07;    34.22;    34.20;    38.28;    43.76;    27.87;    46.32;    41.74;    43.57;    41.91;    39.75;    41.13;
1995;year;    53.62;    53.59;    39.16;    39.22;    45.58;    33.83;    43.62;    43.59;    47.64;    47.00;    32.79;    49.50;    47.29;    53.02;    48.03;    41.51;    43.41;
1996;year;    28.02;    28.01;    26.52;    25.89;    23.92;    20.18;    21.27;    21.27;    21.16;    28.71;    18.93;    33.84;    24.47;    28.30;    25.89;    22.74;    24.42;
1997;year;    55.31;    55.18;    40.50;    40.02;    38.84;    33.95;    35.34;    35.38;    33.28;    41.03;    31.60;    44.91;    40.09;    51.44;    44.57;    35.60;    39.84;
1998;year;    28.82;    28.83;    35.19;    36.16;    28.16;    13.50;    18.33;    18.25;    22.54;    30.15;     9.06;    30.02;    30.16;    29.63;    28.56;    27.17;    27.12;
1999;year;    50.84;    50.74;    38.36;    36.88;    41.96;    34.19;    39.94;    39.94;    42.63;    42.60;    27.81;    43.47;    38.22;    48.07;    42.18;    34.49;    39.89;
2000;year;    41.07;    41.02;    41.16;    39.72;    32.46;    19.10;    21.16;    21.09;    25.94;    32.15;    13.18;    32.65;    38.66;    37.00;    34.17;    30.47;    32.13;
2001;year;    35.76;    35.73;    41.51;    39.41;    38.89;    23.63;    28.04;    28.00;    35.05;    40.29;    18.76;    39.74;    32.47;    34.96;    33.43;    31.44;    34.47;
2002;year;    51.27;    51.14;    36.12;    37.86;    32.07;    34.95;    29.58;    29.64;    26.93;    31.45;    26.95;    32.03;    41.61;    42.10;    38.11;    32.91;    35.49;
2003;year;    63.32;    63.25;    79.66;    75.87;    66.10;    41.49;    47.95;    47.92;    53.26;    69.55;    35.88;    77.34;    61.46;    62.39;    60.91;    58.97;    62.07;
2004;year;    32.50;    32.43;    39.24;    36.01;    33.90;    18.04;    25.70;    25.64;    29.94;    35.69;    16.56;    37.13;    30.33;    32.30;    30.64;    28.48;    31.06;
2005;year;    44.76;    44.67;    43.52;    39.99;    43.56;    29.72;    33.17;    33.12;    39.47;    44.89;    25.19;    49.33;    39.43;    45.66;    42.52;    38.43;    39.25;
2006;year;    62.02;    61.92;    51.09;    47.49;    50.41;    44.07;    51.21;    51.14;    52.06;    50.40;    38.78;    52.29;    50.38;    60.41;    55.18;    48.35;    50.73;
2007;year;    43.21;    43.17;    40.29;    39.10;    33.34;    23.03;    25.94;    25.87;    27.72;    35.39;    14.17;    34.92;    41.43;    40.83;    36.75;    31.43;    33.87;
2008;year;    40.73;    40.64;    38.31;    41.45;    34.46;    23.72;    27.66;    27.66;    27.11;    34.30;    17.32;    32.34;    36.82;    38.11;    36.59;    34.60;    34.02;
2009;year;    45.65;    45.59;    40.87;    38.20;    34.35;    31.18;    32.65;    32.51;    34.04;    37.23;    18.01;    37.03;    36.46;    44.18;    39.56;    33.53;    36.36;
2010;year;    44.02;    43.97;    37.22;    35.78;    36.59;    30.32;    31.32;    31.26;    34.74;    37.77;    20.51;    39.53;    35.68;    40.58;    37.09;    32.54;    35.22;
2011;year;    43.49;    43.44;    48.11;    42.96;    42.37;    23.37;    30.49;    30.37;    34.55;    41.64;    15.30;    39.98;    41.93;    46.00;    43.08;    39.28;    38.37;
2012;year;    39.65;    39.70;    45.89;    46.36;    36.57;    22.45;    29.31;    29.21;    31.07;    36.98;    13.80;    37.69;    41.44;    41.41;    38.79;    35.36;    36.80;
2013;year;    45.77;    45.73;    43.92;    41.47;    40.05;    26.36;    31.16;    31.10;    35.34;    39.53;    21.74;    42.12;    38.73;    44.40;    40.54;    35.50;    37.83;
2014;year;    45.52;    45.45;    34.94;    34.22;    33.00;    30.87;    32.73;    32.76;    29.76;    31.31;    29.11;    34.22;    36.78;    38.55;    34.83;    29.97;    34.15;
2015;year;    50.23;    50.20;    52.90;    53.80;    46.10;    29.40;    30.80;    30.67;    35.60;    46.60;    17.10;    52.30;    48.10;    46.70;    45.53;    44.00;    43.30;
2016;year;    59.07;    58.96;    50.90;    48.83;    45.05;    35.90;    38.52;    38.43;    38.41;    44.03;    25.14;    46.71;    49.48;    57.58;    51.13;    42.71;    45.41;
2017;year;    40.15;    40.11;    54.22;    51.63;    41.47;    19.16;    24.60;    24.46;    34.19;    43.77;    10.55;    47.57;    43.65;    41.51;    40.08;    38.22;    39.01;
2018;year;    86.06;    86.06;    79.71;    75.36;    79.81;    58.58;    70.34;    70.27;    75.85;    77.46;    46.27;    83.43;    76.53;    87.60;    80.34;    70.86;    74.72;
2019;year;    66.31;    66.24;    55.40;    55.45;    52.92;    41.89;    43.51;    43.39;    48.71;    54.01;    25.93;    58.76;    59.52;    63.42;    58.88;    52.95;    52.29;
2020;year;    53.04;    52.99;    55.00;    46.21;    49.99;    33.31;    36.30;    36.26;    41.89;    55.44;    26.41;    62.76;    48.87;    52.06;    47.69;    41.99;    45.37;
2021;year;    50.60;    50.55;    38.14;    38.87;    35.45;    34.35;    33.10;    33.09;    30.99;    32.72;    22.56;    38.47;    41.11;    46.67;    41.12;    33.87;    37.06;
2022;year;    61.50;    61.36;    72.61;    64.37;    67.35;    38.69;    48.07;    47.91;    55.69;    70.14;    30.24;    80.36;    57.26;    66.23;    63.29;    59.45;    58.89;
