Zeitreihen fuer Gebietsmittel fuer Bundeslaender und Kombinationen von Bundeslaender, erstellt am: 20230110
Jahr;Jahr;Brandenburg/Berlin;Brandenburg;Baden-Wuerttemberg;Bayern;Hessen;Mecklenburg-Vorpommern;Niedersachsen;Niedersachsen/Hamburg/Bremen;Nordrhein-Westfalen;Rheinland-Pfalz;Schleswig-Holstein;Saarland;Sachsen;Sachsen-Anhalt;Thueringen/Sachsen-Anhalt;Thueringen;Deutschland;
1951;year;    12.63;    12.63;    29.12;    23.88;    19.54;    15.75;    20.49;    20.55;    25.35;    24.03;    26.08;    29.07;    14.19;    13.43;    15.27;    17.68;    21.11;
1952;year;    10.32;    10.36;    33.99;    30.45;    22.72;    11.74;    16.94;    16.87;    23.55;    26.07;    18.39;    33.04;    17.56;    14.05;    17.16;    21.23;    22.14;
1953;year;     9.75;     9.74;    21.70;    19.37;    13.06;    10.37;    13.21;    13.18;    16.06;    12.53;    16.95;    11.36;    14.11;     9.47;    11.29;    13.67;    15.03;
1954;year;    14.69;    14.67;    30.54;    29.61;    21.04;    15.68;    23.04;    23.08;    27.95;    20.93;    25.20;    24.10;    23.22;    16.11;    17.75;    19.89;    23.71;
1955;year;    13.39;    13.41;    29.11;    28.82;    19.16;    13.37;    17.20;    17.18;    21.29;    18.75;    14.96;    25.22;    19.83;    14.89;    16.76;    19.21;    20.77;
1956;year;    16.23;    16.19;    29.37;    29.62;    24.68;    14.95;    20.68;    20.63;    27.22;    22.13;    18.44;    24.90;    21.97;    16.71;    18.85;    21.64;    23.32;
1957;year;    12.83;    12.86;    26.79;    28.03;    21.80;    11.42;    22.14;    22.09;    28.58;    20.17;    20.38;    26.91;    19.29;    14.10;    15.72;    17.84;    21.91;
1958;year;    11.89;    11.89;    35.53;    33.91;    26.68;    14.10;    20.60;    20.56;    28.44;    26.13;    20.91;    40.44;    20.04;    14.35;    17.80;    22.30;    24.83;
1959;year;    10.58;    10.57;    22.69;    20.97;    11.99;     8.84;     7.32;     7.36;    11.25;    13.73;     9.54;    16.64;    13.64;     7.85;     9.57;    11.81;    13.69;
1960;year;    14.46;    14.47;    28.19;    26.25;    23.99;    19.49;    20.10;    20.07;    27.87;    21.39;    23.15;    31.86;    19.27;    14.20;    16.49;    19.47;    22.45;
1961;year;    15.73;    15.74;    29.62;    26.77;    27.52;    16.07;    27.53;    27.45;    33.26;    22.68;    21.28;    29.86;    19.04;    17.07;    18.99;    21.49;    24.53;
1962;year;     9.37;     9.31;    24.79;    24.40;    16.44;    11.01;    15.69;    15.66;    20.91;    16.46;    21.42;    20.14;    11.69;     8.36;    10.13;    12.45;    17.57;
1963;year;     9.75;     9.73;    26.59;    24.73;    17.49;    12.50;    14.30;    14.27;    18.17;    16.35;    17.18;    24.78;    11.83;     8.83;    11.74;    15.53;    17.58;
1964;year;     9.52;     9.54;    23.25;    22.64;    14.56;     9.72;    11.67;    11.64;    16.55;    16.55;    14.11;    20.95;    12.59;     8.34;     9.95;    12.04;    15.65;
1965;year;    16.13;    16.10;    42.03;    35.78;    30.06;    17.98;    22.43;    22.47;    32.82;    30.84;    27.54;    42.68;    22.22;    14.65;    17.89;    22.11;    28.03;
1966;year;    15.54;    15.46;    34.18;    37.03;    31.11;    15.23;    24.11;    24.05;    34.38;    29.38;    27.38;    34.25;    23.97;    16.62;    20.70;    26.02;    27.91;
1967;year;    15.91;    15.92;    29.08;    27.37;    24.53;    16.22;    19.58;    19.52;    24.33;    24.88;    21.58;    32.46;    21.23;    14.91;    16.60;    18.80;    22.54;
1968;year;    12.78;    12.81;    36.79;    27.99;    22.70;    15.89;    18.44;    18.47;    22.62;    23.84;    20.52;    30.26;    14.20;    11.45;    15.28;    20.28;    22.12;
1969;year;    11.53;    11.54;    29.74;    23.32;    19.13;    11.14;    16.63;    16.64;    21.08;    19.09;    19.83;    26.16;    16.38;    12.43;    15.29;    19.03;    19.25;
1970;year;    10.85;    10.92;    31.25;    32.31;    22.29;    16.24;    20.06;    20.07;    27.15;    22.00;    22.23;    29.89;    21.37;    15.63;    17.89;    20.85;    23.51;
1971;year;     9.05;     9.03;    21.36;    22.65;    16.03;     7.70;    11.81;    11.78;    16.46;    15.88;    12.13;    19.46;    14.69;     9.11;    10.85;    13.13;    15.45;
1972;year;    11.67;    11.71;    25.21;    22.53;    20.41;    14.26;    16.98;    16.98;    20.85;    17.93;    16.97;    21.38;    13.95;    14.94;    17.02;    19.74;    18.78;
1973;year;     8.93;     8.94;    27.71;    24.36;    15.78;    11.39;    15.15;    15.19;    17.98;    16.13;    20.51;    20.47;    14.53;     7.66;    10.92;    15.17;    17.64;
1974;year;    15.92;    15.86;    31.61;    33.48;    24.10;    14.26;    16.68;    16.73;    27.88;    21.06;    19.45;    25.13;    25.97;    12.18;    16.25;    21.57;    23.67;
1975;year;     8.74;     8.73;    27.02;    25.84;    17.44;    10.23;    14.11;    14.10;    18.36;    18.28;    12.98;    20.62;    13.74;     8.28;    10.81;    14.11;    17.50;
1976;year;     7.22;     7.28;    23.12;    22.04;    12.38;    11.44;    13.51;    13.50;    15.14;    14.74;    12.75;    17.96;    12.17;     6.75;     8.85;    11.58;    15.11;
1977;year;    14.12;    14.08;    31.79;    30.11;    22.67;    12.55;    17.42;    17.45;    22.52;    23.35;    20.57;    33.24;    20.14;    17.02;    19.80;    23.43;    22.56;
1978;year;    10.65;    10.71;    31.69;    28.45;    18.05;    11.46;    18.54;    18.53;    22.57;    21.49;    19.44;    31.49;    17.95;    10.96;    12.99;    15.63;    20.75;
1979;year;    11.86;    11.82;    29.15;    29.83;    22.32;    11.05;    17.02;    17.02;    23.67;    25.56;    20.01;    35.14;    18.29;    11.97;    14.29;    17.31;    21.42;
1980;year;    13.96;    13.91;    30.29;    29.80;    21.59;    15.81;    19.35;    19.38;    24.05;    25.99;    27.96;    36.66;    20.18;    12.86;    14.84;    17.43;    22.87;
1981;year;    16.13;    16.16;    35.69;    35.51;    29.05;    15.55;    23.31;    23.30;    30.69;    29.15;    24.62;    36.51;    28.33;    16.76;    20.31;    24.95;    27.33;
1982;year;     7.13;     7.16;    32.46;    26.56;    19.74;     7.84;    14.97;    14.92;    21.90;    24.27;    17.32;    32.56;    10.09;     6.75;     8.89;    11.68;    18.71;
1983;year;    12.70;    12.69;    28.93;    27.37;    20.27;    14.69;    18.75;    18.79;    22.71;    22.22;    21.71;    28.31;    16.97;    14.13;    15.46;    17.20;    21.14;
1984;year;    11.83;    11.86;    30.35;    27.05;    26.33;    13.36;    20.80;    20.75;    29.72;    28.42;    23.08;    35.97;    16.04;    13.65;    16.80;    20.90;    22.90;
1985;year;     6.40;     6.42;    26.80;    26.56;    17.02;     8.78;    15.12;    15.13;    20.85;    17.46;    20.39;    20.74;    11.04;     7.29;    10.14;    13.85;    17.75;
1986;year;    16.82;    16.74;    37.09;    32.21;    23.57;    14.90;    21.26;    21.20;    29.27;    24.87;    22.58;    32.45;    20.49;    16.26;    18.75;    22.01;    25.17;
1987;year;    13.69;    13.70;    33.84;    32.10;    25.98;    11.61;    20.11;    20.05;    28.97;    27.33;    21.40;    32.59;    23.23;    13.56;    17.56;    22.77;    24.40;
1988;year;     8.26;     8.23;    36.12;    32.54;    20.57;    10.59;    18.40;    18.39;    25.57;    24.76;    24.57;    34.22;    16.52;     8.90;    12.39;    16.95;    22.45;
1989;year;     8.42;     8.44;    24.74;    26.51;    21.30;     9.44;    16.63;    16.66;    22.27;    23.62;    16.77;    28.67;    15.34;     9.26;    12.04;    15.66;    19.00;
1990;year;    10.79;    10.76;    29.62;    28.78;    20.52;    12.93;    20.00;    20.03;    22.13;    22.04;    30.08;    27.38;    13.29;    10.89;    13.06;    15.89;    21.25;
1991;year;     9.10;     9.12;    21.18;    22.06;    14.69;    10.04;    14.85;    14.88;    21.51;    17.58;    20.80;    22.84;    11.51;     8.26;     9.21;    10.44;    16.46;
1992;year;    11.06;    11.07;    29.44;    29.99;    23.63;    12.60;    19.33;    19.28;    25.86;    22.81;    18.85;    26.46;    16.91;    13.88;    15.64;    17.94;    21.91;
1993;year;    15.60;    15.67;    29.44;    30.34;    22.47;    18.97;    28.11;    28.13;    33.22;    23.64;    24.53;    29.51;    21.45;    15.50;    18.13;    21.57;    25.41;
1994;year;    16.99;    16.97;    30.98;    26.30;    24.38;    18.40;    26.18;    26.21;    30.47;    21.35;    29.06;    27.63;    20.11;    18.10;    19.52;    21.38;    24.57;
1995;year;    13.51;    13.50;    37.48;    33.66;    24.50;    13.61;    21.52;    21.54;    24.44;    27.53;    19.59;    37.23;    23.55;    12.48;    17.00;    22.89;    24.80;
1996;year;    10.41;    10.38;    26.85;    25.76;    18.64;    11.54;    14.89;    14.83;    19.65;    16.60;    14.96;    19.41;    14.41;    10.92;    13.35;    16.53;    18.26;
1997;year;    11.92;    11.93;    25.37;    25.66;    16.44;    13.01;    18.47;    18.45;    22.40;    20.22;    21.46;    26.93;    16.98;    11.18;    13.47;    16.46;    19.63;
1998;year;    12.53;    12.56;    30.56;    30.11;    25.01;    18.20;    26.87;    26.90;    32.35;    23.40;    29.58;    28.24;    19.04;    12.88;    16.24;    20.62;    24.95;
1999;year;     8.55;     8.62;    37.00;    30.88;    20.61;    13.09;    17.17;    17.13;    26.20;    23.69;    20.59;    31.93;    15.36;     9.92;    13.83;    18.93;    22.13;
2000;year;     9.93;     9.91;    28.72;    29.16;    20.27;    11.23;    15.05;    15.03;    23.46;    27.94;    13.45;    41.27;    17.92;    10.69;    13.24;    16.57;    20.45;
2001;year;    11.86;    11.87;    37.11;    33.99;    22.12;    14.17;    24.64;    24.70;    28.19;    27.08;    22.92;    39.84;    18.58;    13.57;    15.66;    18.39;    25.11;
2002;year;    17.72;    17.74;    41.16;    39.91;    30.98;    19.74;    29.05;    29.04;    33.73;    30.21;    30.30;    36.58;    24.37;    19.80;    23.07;    27.33;    30.73;
2003;year;     8.48;     8.43;    21.17;    20.35;    15.22;     9.68;    15.67;    15.67;    22.88;    17.72;    16.06;    20.89;    11.23;     9.13;    11.06;    13.58;    16.27;
2004;year;    11.91;    11.89;    27.07;    26.27;    20.96;    13.72;    22.28;    22.28;    27.18;    20.34;    24.14;    24.32;    19.53;    13.81;    15.92;    18.67;    21.69;
2005;year;    14.55;    14.54;    27.48;    28.16;    18.59;    14.85;    17.55;    17.61;    23.27;    17.05;    18.74;    20.88;    20.71;    12.60;    14.42;    16.79;    20.72;
2006;year;     6.95;     6.98;    29.96;    28.31;    20.19;    12.16;    14.61;    14.61;    23.13;    21.67;    17.78;    26.93;    15.16;     8.44;    12.64;    18.13;    19.65;
2007;year;    18.96;    18.90;    33.37;    31.71;    27.88;    20.30;    28.69;    28.69;    34.01;    24.18;    28.03;    31.56;    22.00;    21.01;    22.92;    25.41;    27.64;
2008;year;    13.86;    13.90;    28.80;    25.46;    17.86;    12.47;    21.06;    21.05;    23.70;    20.08;    20.93;    24.82;    18.44;    15.16;    15.95;    16.98;    20.91;
2009;year;    12.76;    12.73;    29.28;    26.92;    22.43;    11.58;    15.93;    15.94;    24.09;    23.35;    16.58;    28.51;    19.78;    14.53;    17.38;    21.11;    20.95;
2010;year;    20.80;    20.93;    29.28;    27.92;    21.75;    19.88;    19.68;    19.71;    23.72;    22.68;    24.14;    30.81;    27.50;    20.57;    21.89;    23.62;    23.98;
2011;year;    17.63;    17.58;    25.76;    25.86;    16.31;    19.45;    18.06;    18.13;    21.22;    17.16;    26.44;    20.74;    17.39;    13.25;    14.30;    15.68;    20.56;
2012;year;    10.53;    10.52;    31.20;    26.98;    20.89;     9.44;    16.77;    16.75;    21.86;    21.38;    18.70;    28.43;    17.76;    11.00;    14.23;    18.45;    20.18;
2013;year;    13.80;    13.83;    30.79;    27.76;    22.06;    16.50;    17.25;    17.32;    18.58;    23.52;    22.20;    29.85;    20.15;    15.85;    17.85;    20.46;    21.65;
2014;year;    11.16;    11.25;    27.48;    24.63;    21.64;    14.10;    16.89;    16.85;    22.58;    22.43;    22.14;    26.02;    15.36;    12.91;    15.21;    18.22;    19.99;
2015;year;    12.89;    12.94;    21.01;    22.07;    14.96;    14.32;    21.37;    21.39;    22.48;    16.33;    25.89;    18.50;    16.10;    13.32;    13.47;    13.66;    18.83;
2016;year;     9.71;     9.74;    28.69;    26.66;    16.85;     9.11;    14.84;    14.89;    19.72;    21.64;    18.20;    28.77;    18.09;     9.48;    12.17;    15.67;    18.88;
2017;year;    17.00;    16.97;    29.93;    30.38;    24.57;    18.76;    23.67;    23.68;    23.56;    22.75;    28.73;    28.67;    19.51;    14.70;    17.72;    21.66;    24.17;
2018;year;     8.24;     8.25;    23.11;    22.63;    15.31;     9.31;    12.01;    12.00;    16.51;    18.24;    13.36;    27.40;    11.42;     6.60;     9.26;    12.74;    15.57;
2019;year;    11.39;    11.34;    28.77;    25.02;    18.69;    13.40;    16.53;    16.53;    20.93;    20.00;    19.92;    28.25;    15.01;    10.15;    12.85;    16.37;    19.32;
2020;year;    11.27;    11.29;    26.46;    26.57;    17.22;    13.11;    16.80;    16.78;    18.19;    19.51;    20.65;    28.21;    16.07;    10.33;    13.57;    17.80;    19.19;
2021;year;    11.85;    11.92;    29.58;    28.46;    18.04;    13.79;    19.31;    19.33;    20.73;    20.41;    23.05;    26.15;    19.56;    13.04;    15.93;    19.70;    21.17;
2022;year;     8.08;     8.13;    25.66;    23.97;    19.32;    10.30;    15.85;    15.87;    20.81;    21.05;    18.96;    26.69;    12.85;     7.42;    10.69;    14.96;    17.92;
