Zeitreihen fuer Gebietsmittel fuer Bundeslaender und Kombinationen von Bundeslaender, erstellt am: 20230602
Jahr;Monat;Brandenburg/Berlin;Brandenburg;Baden-Wuerttemberg;Bayern;Hessen;Mecklenburg-Vorpommern;Niedersachsen;Niedersachsen/Hamburg/Bremen;Nordrhein-Westfalen;Rheinland-Pfalz;Schleswig-Holstein;Saarland;Sachsen;Sachsen-Anhalt;Thueringen/Sachsen-Anhalt;Thueringen;Deutschland;
1951;08;   213.9;   214.1;   213.8;   220.7;   201.5;   203.9;   192.5;   192.8;   179.8;   198.1;   196.3;   213.4;   226.3;   186.6;   188.6;   191.2;   204.1;
1952;08;   220.3;   220.1;   238.0;   227.1;   195.1;   214.9;   184.4;   184.7;   176.2;   198.4;   186.7;   218.7;   223.0;   196.2;   195.8;   195.3;   207.5;
1953;08;   241.7;   241.7;   274.9;   262.2;   247.5;   234.3;   209.6;   209.5;   206.5;   245.8;   214.3;   284.2;   244.7;   223.6;   228.0;   233.5;   239.3;
1954;08;   185.7;   185.7;   177.8;   188.7;   156.2;   169.4;   147.1;   147.1;   137.5;   164.5;   151.2;   177.1;   209.8;   165.8;   165.5;   165.2;   169.3;
1955;08;   219.4;   219.2;   207.7;   184.8;   175.3;   241.7;   198.0;   198.7;   172.2;   200.0;   248.8;   236.6;   188.2;   177.6;   166.0;   151.4;   196.1;
1956;08;   182.4;   182.5;   190.0;   187.5;   173.9;   187.3;   163.9;   163.9;   157.3;   180.3;   172.8;   202.0;   177.6;   169.3;   167.4;   164.9;   176.9;
1957;08;   175.7;   175.8;   197.3;   192.6;   170.0;   178.7;   153.6;   153.5;   163.0;   181.2;   172.7;   196.8;   169.3;   157.2;   160.6;   164.9;   175.3;
1958;08;   225.8;   225.7;   220.2;   219.5;   203.8;   203.5;   185.1;   185.3;   179.4;   192.5;   204.9;   191.7;   220.1;   210.6;   210.8;   211.1;   206.5;
1959;08;   205.9;   206.3;   217.6;   204.6;   215.8;   224.6;   205.4;   205.5;   206.9;   224.6;   223.3;   249.1;   198.3;   186.0;   185.2;   184.2;   208.2;
1960;08;   160.1;   160.0;   176.3;   173.2;   139.7;   154.3;   120.4;   120.6;   127.3;   144.1;   152.6;   148.4;   160.0;   150.3;   150.3;   150.2;   152.0;
1961;08;   173.8;   173.9;   220.7;   208.9;   180.3;   191.0;   162.3;   162.6;   154.5;   196.3;   195.6;   220.4;   165.0;   170.3;   171.5;   173.0;   185.5;
1962;08;   145.1;   145.4;   292.1;   266.9;   204.6;   150.6;   138.4;   138.3;   159.3;   226.0;   154.0;   250.1;   185.0;   154.1;   172.0;   194.5;   198.9;
1963;08;   192.2;   192.4;   175.3;   180.4;   154.8;   182.1;   142.5;   142.4;   115.6;   146.2;   162.3;   144.0;   183.9;   182.0;   179.6;   176.6;   165.3;
1964;08;   173.2;   173.2;   208.9;   193.1;   174.6;   189.1;   160.8;   160.7;   167.6;   187.6;   188.8;   198.7;   165.1;   168.3;   170.3;   172.7;   180.6;
1965;08;   238.2;   238.1;   199.3;   208.0;   192.2;   230.0;   203.3;   203.6;   173.5;   188.3;   227.2;   189.7;   230.4;   223.0;   217.8;   211.2;   208.1;
1966;08;   202.5;   202.5;   159.6;   151.1;   178.2;   212.9;   192.6;   192.8;   192.1;   185.5;   210.3;   185.6;   185.4;   184.7;   177.6;   168.6;   180.7;
1967;08;   210.0;   209.9;   213.5;   208.4;   192.9;   200.9;   173.6;   173.5;   184.7;   205.0;   180.2;   214.3;   195.3;   187.0;   183.5;   179.1;   196.1;
1968;08;   218.6;   218.4;   148.0;   140.7;   142.3;   239.4;   187.6;   188.1;   145.2;   130.8;   228.9;   142.1;   163.9;   178.7;   164.9;   147.6;   168.4;
1969;08;   209.5;   209.4;   197.6;   193.3;   190.6;   228.1;   188.3;   188.6;   176.8;   182.8;   225.5;   178.1;   194.9;   196.8;   193.0;   188.2;   195.8;
1970;08;   231.7;   231.6;   188.4;   186.9;   187.1;   263.7;   205.7;   206.3;   199.0;   206.8;   256.7;   215.7;   185.4;   181.9;   178.5;   174.2;   203.0;
1971;08;   249.4;   249.3;   231.6;   240.2;   225.5;   250.2;   208.0;   208.0;   207.4;   224.9;   213.1;   224.3;   237.5;   229.5;   230.3;   231.4;   229.1;
1972;08;   209.8;   209.7;   199.9;   206.9;   170.7;   238.2;   191.6;   192.1;   165.1;   174.3;   225.4;   181.8;   182.1;   190.6;   181.8;   170.8;   195.3;
1973;08;   273.5;   273.4;   234.3;   261.8;   255.5;   275.3;   250.4;   250.7;   248.6;   250.0;   271.2;   258.3;   269.4;   253.5;   255.1;   257.0;   257.2;
1974;08;   213.7;   213.6;   193.7;   213.2;   204.3;   217.2;   211.1;   211.3;   212.3;   210.0;   230.4;   204.1;   207.5;   190.3;   191.3;   192.5;   208.6;
1975;08;   280.1;   280.0;   218.1;   221.4;   251.3;   299.3;   290.4;   290.5;   267.2;   249.6;   297.7;   248.4;   250.1;   272.1;   264.3;   254.5;   257.6;
1976;08;   245.5;   245.4;   221.5;   208.5;   234.9;   262.8;   251.2;   251.5;   246.3;   246.0;   279.6;   256.7;   220.0;   242.1;   238.3;   233.4;   236.6;
1977;08;   151.3;   151.3;   158.1;   149.2;   136.7;   168.1;   138.8;   139.0;   132.3;   145.4;   161.5;   151.9;   127.4;   135.9;   131.9;   126.9;   145.2;
1978;08;   193.8;   193.8;   209.4;   200.4;   168.3;   204.8;   161.1;   161.4;   155.3;   177.7;   198.9;   193.4;   166.2;   171.8;   169.4;   166.3;   183.2;
1979;08;   212.5;   212.2;   186.6;   181.1;   154.2;   194.3;   167.9;   167.9;   145.0;   154.4;   171.3;   168.5;   186.3;   181.1;   176.1;   169.9;   176.2;
1980;08;   198.4;   198.2;   198.6;   207.2;   176.2;   165.8;   180.2;   180.0;   166.6;   159.0;   162.7;   168.0;   204.0;   199.4;   198.3;   197.0;   187.5;
1981;08;   183.6;   183.8;   205.7;   198.8;   165.7;   203.5;   169.8;   170.3;   151.1;   169.7;   204.4;   188.7;   183.1;   167.9;   167.4;   166.7;   182.7;
1982;08;   228.9;   228.8;   176.6;   177.5;   190.2;   229.7;   193.8;   193.8;   178.1;   181.8;   214.6;   176.5;   209.7;   212.3;   207.6;   201.7;   194.8;
1983;08;   249.7;   249.7;   215.5;   211.3;   233.4;   253.2;   245.9;   246.3;   233.0;   230.9;   276.4;   238.1;   221.8;   238.3;   232.9;   226.2;   232.7;
1984;08;   241.3;   241.1;   198.3;   192.9;   183.6;   225.4;   210.8;   211.1;   192.9;   187.5;   233.5;   194.3;   209.1;   210.6;   201.6;   190.3;   204.8;
1985;08;   210.1;   210.1;   236.9;   228.6;   188.8;   205.0;   197.9;   198.0;   191.1;   198.6;   207.1;   202.7;   210.7;   206.8;   206.0;   204.9;   210.2;
1986;08;   199.1;   199.0;   205.3;   199.3;   174.8;   221.3;   182.8;   183.1;   175.7;   174.8;   202.0;   172.8;   180.9;   190.9;   187.1;   182.3;   191.8;
1987;08;   156.6;   156.7;   191.0;   166.7;   144.0;   158.0;   127.1;   127.1;   124.9;   167.9;   135.9;   184.4;   148.9;   144.0;   145.5;   147.4;   152.8;
1988;08;   221.4;   221.3;   227.1;   218.1;   225.3;   202.3;   196.0;   195.8;   202.3;   224.2;   185.1;   241.1;   222.9;   220.6;   222.6;   225.2;   213.9;
1989;08;   225.1;   225.1;   222.6;   198.8;   203.4;   209.1;   198.1;   197.8;   203.2;   205.2;   174.5;   219.7;   217.2;   223.9;   220.5;   216.1;   207.3;
1990;08;   254.2;   254.2;   246.3;   248.1;   212.0;   241.5;   222.3;   222.4;   213.4;   213.6;   238.5;   239.4;   253.3;   239.2;   232.4;   223.9;   235.4;
1991;08;   200.3;   200.1;   274.4;   240.2;   242.4;   203.5;   207.8;   207.9;   225.1;   274.6;   217.8;   304.0;   197.9;   201.2;   203.1;   205.4;   227.6;
1992;08;   221.0;   221.0;   242.3;   247.7;   202.7;   209.7;   177.0;   177.0;   175.8;   204.8;   185.9;   225.1;   230.4;   208.8;   210.0;   211.4;   213.3;
1993;08;   204.9;   204.8;   243.2;   237.0;   227.7;   192.9;   166.7;   166.7;   173.4;   243.9;   179.1;   269.3;   223.3;   200.0;   205.8;   213.0;   210.1;
1994;08;   206.2;   205.8;   234.0;   232.4;   197.8;   213.8;   203.6;   203.8;   184.2;   198.6;   217.7;   206.9;   202.4;   201.6;   197.7;   192.8;   210.8;
1995;08;   267.4;   267.3;   201.2;   204.8;   240.1;   290.9;   268.8;   269.2;   251.4;   232.4;   301.0;   237.9;   252.5;   255.8;   247.5;   237.1;   243.4;
1996;08;   219.6;   219.4;   193.6;   186.3;   195.9;   230.1;   214.0;   214.4;   191.5;   197.1;   233.2;   201.5;   190.7;   198.0;   189.7;   179.2;   200.9;
1997;08;   266.1;   266.2;   238.7;   243.6;   241.4;   280.1;   239.5;   239.6;   233.8;   243.4;   266.5;   248.7;   257.3;   250.1;   244.5;   237.5;   247.6;
1998;08;   193.6;   193.5;   243.1;   230.8;   217.4;   168.0;   184.4;   184.3;   192.5;   222.2;   194.2;   244.2;   217.9;   198.9;   201.3;   204.3;   208.4;
1999;08;   207.6;   207.5;   200.6;   188.8;   192.0;   200.7;   167.8;   168.0;   176.8;   192.4;   202.4;   201.9;   196.3;   187.0;   185.5;   183.5;   189.5;
2000;08;   230.9;   230.8;   235.7;   238.8;   235.7;   202.1;   202.3;   202.3;   217.8;   241.0;   205.3;   265.3;   239.3;   228.4;   233.0;   238.8;   226.6;
2001;08;   201.7;   201.7;   240.2;   230.3;   222.0;   201.5;   201.6;   201.5;   208.8;   223.6;   207.0;   231.8;   199.0;   199.4;   202.6;   206.6;   214.7;
2002;08;   224.7;   224.4;   186.7;   190.4;   178.7;   224.2;   193.3;   193.8;   159.0;   161.4;   220.6;   158.2;   194.7;   213.9;   196.7;   175.0;   192.3;
2003;08;   272.8;   272.5;   297.8;   295.4;   289.6;   255.0;   254.5;   254.3;   256.5;   286.9;   248.0;   300.8;   281.3;   281.1;   285.0;   289.9;   277.2;
2004;08;   234.3;   234.3;   192.8;   213.9;   193.7;   231.4;   213.4;   213.5;   195.8;   184.4;   225.0;   178.4;   224.7;   224.5;   219.1;   212.2;   211.3;
2005;08;   204.2;   203.9;   195.8;   176.1;   177.5;   190.2;   154.0;   154.0;   164.3;   187.6;   174.8;   195.8;   189.2;   184.3;   179.5;   173.4;   179.1;
2006;08;   147.2;   147.1;   131.9;   128.6;   120.0;   158.0;   135.5;   135.8;   115.0;   117.3;   166.6;   116.9;   130.5;   141.5;   134.0;   124.5;   133.2;
2007;08;   212.7;   212.5;   202.5;   201.4;   194.4;   200.5;   187.1;   187.1;   183.9;   194.9;   199.5;   196.3;   203.5;   202.1;   201.4;   200.5;   198.0;
2008;08;   172.1;   172.1;   208.2;   211.6;   172.5;   159.3;   158.4;   158.3;   157.7;   172.7;   149.2;   167.6;   189.6;   179.2;   180.7;   182.5;   180.3;
2009;08;   276.7;   276.5;   261.9;   254.9;   245.2;   261.4;   238.6;   238.6;   239.9;   254.6;   230.4;   263.5;   264.1;   259.4;   253.1;   245.0;   252.9;
2010;08;   150.0;   149.9;   159.9;   147.2;   136.6;   135.9;   133.1;   133.2;   135.2;   152.1;   135.5;   156.6;   144.4;   126.8;   127.0;   127.3;   141.9;
2011;08;   184.3;   184.4;   235.8;   232.3;   176.5;   158.2;   145.8;   145.5;   162.7;   190.7;   138.8;   197.3;   193.4;   169.7;   171.8;   174.4;   187.2;
2012;08;   234.8;   234.7;   254.8;   249.7;   234.2;   222.2;   217.7;   217.8;   223.2;   238.4;   229.1;   240.4;   236.5;   227.6;   228.0;   228.5;   234.9;
2013;08;   228.5;   228.6;   234.5;   232.2;   214.8;   235.3;   221.5;   221.7;   210.2;   221.5;   231.7;   227.7;   225.1;   219.6;   215.0;   209.0;   225.0;
2014;08;   204.7;   204.9;   165.1;   160.7;   161.8;   202.5;   186.6;   186.9;   159.2;   161.3;   196.7;   147.9;   181.1;   191.8;   183.9;   173.6;   176.0;
2015;08;   278.4;   278.2;   243.4;   260.2;   231.6;   267.7;   223.4;   223.4;   225.9;   227.6;   223.2;   230.8;   263.1;   259.1;   253.3;   245.7;   246.3;
2016;08;   213.5;   213.6;   252.3;   247.4;   235.3;   209.2;   204.2;   204.1;   215.7;   236.0;   208.0;   238.9;   225.9;   219.5;   226.3;   235.0;   227.2;
2017;08;   221.7;   221.7;   219.2;   232.7;   193.6;   212.9;   182.5;   182.6;   170.1;   187.1;   190.2;   184.9;   225.2;   206.6;   208.8;   211.7;   206.5;
2018;08;   274.9;   274.9;   251.1;   262.0;   248.1;   249.5;   226.5;   226.3;   232.5;   253.1;   208.6;   258.1;   259.5;   261.6;   254.0;   244.1;   248.9;
2019;08;   239.0;   238.8;   237.3;   220.6;   221.7;   230.7;   224.8;   224.9;   225.3;   231.1;   222.6;   237.8;   225.1;   229.8;   223.4;   215.0;   226.9;
2020;08;   234.6;   234.4;   221.9;   225.5;   196.9;   255.6;   221.2;   221.7;   201.6;   206.3;   259.3;   216.6;   214.0;   222.4;   210.6;   195.3;   221.6;
2021;08;   166.1;   165.9;   164.5;   162.2;   148.6;   170.5;   147.9;   147.9;   140.9;   160.7;   162.4;   167.5;   156.9;   151.5;   147.0;   141.1;   156.7;
2022;08;   235.4;   235.3;   292.1;   277.0;   293.9;   256.5;   275.5;   275.5;   280.2;   296.7;   275.2;   303.2;   237.8;   258.2;   265.7;   275.5;   272.8;
